1 6 4109 3988 1109 976 3864 3973 
1 12 6953 13601 6940 9874 3882 3833 14474 3526 10163 936 974 14473 
1 10 9635 657 11597 9783 649 9769 14465 6842 9612 649 
1 5 6923 6952 6814 9888 9902 
2 10 14478 13689 11905 11774 9791 9930 6990 3526 10163 11818 
1 4 3882 11832 14470 11887 
3 5 949 3971 3952 3819 6842 
2 5 11586 3614 11787 6643 646 
1 5 646 11608 11592 11657 6652 
1 3 3924 13639 3943 
1 3 13270 6626 13377 
3 7 9648 9646 596 9596 9627 599 13270 
1 3 9627 11564 13412 
2 7 13412 11564 3601 3592 11581 9611 665 
1 4 6619 6614 3596 11581 
1 10 11580 11577 6647 9595 11594 624 11581 3654 9596 9627 
1 8 3617 619 3623 9608 9643 11610 3627 6647 
3 60 9833 14467 3893 14478 13689 9862 6923 3937 3908 949 935 11868 11887 14461 6998 11583 11586 11580 3617 619 3623 6670 11625 9660 9690 6561 11679 3716 13702 6739 11666 704 11651 9665 3684 688 707 3688 11653 692 6693 9666 708 11499 9517 3530 6542 9503 1346 521 11516 11642 11488 9505 6545 13011 11549 11518 14389 11506 
2 12 646 11608 662 9619 3665 6679 11639 3676 13699 9668 9670 13700 
1 9 818 14463 3639 3636 9617 3663 660 690 13699 
1 11 6652 11588 637 11605 6679 6709 3676 13699 3689 9668 13699 
1 14 6842 9612 13695 6658 9617 3663 9651 11636 6706 9701 6747 3741 744 6761 
1 9 6706 6729 6747 723 9716 11534 6584 744 6761 
1 4 14457 11572 9591 6647 
1 4 6706 13620 3724 9683 
3 10 9648 6690 11666 9527 557 3569 3553 583 9429 11542 
1 4 13702 9539 11511 3569 
1 4 646 6682 9640 6697 
1 12 9660 684 11646 679 9656 6697 696 3709 9687 746 3548 11691 
1 6 13700 6731 11676 746 3548 11691 
1 6 11691 3548 6571 3743 9548 6761 
1 9 11691 9706 3730 11520 6751 9537 555 3537 11522 
1 3 11539 11522 6561 
2 5 13702 9692 541 3484 11539 
1 10 9660 716 6716 3713 11520 3565 6586 6604 3434 6522 
2 11 9660 716 6716 699 730 11659 713 9687 6714 9672 13700 
3 7 11666 6739 3718 11511 6576 6590 9567 
2 6 11542 6418 9421 9541 11525 3569 
1 17 9567 3583 13750 6485 6512 9570 3485 421 6562 3569 569 11556 9569 9421 6418 424 6470 
1 5 469 6440 11542 9569 11556 
1 18 13750 3414 421 445 494 11414 3462 9414 11401 469 11432 3418 3585 6470 424 9555 6592 6418 
1 5 11618 9633 9636 6678 6680 
2 10 11666 6690 9679 6687 3673 6673 11615 9630 6675 9598 
2 5 9648 9679 9650 3684 9665 
2 15 3673 6673 668 3675 688 707 3688 11653 692 9652 11634 11618 9630 6675 9598 
1 11 9660 6703 3680 11610 6685 3670 13704 11627 11630 13640 9648 
1 10 9660 11663 9676 6720 13703 686 3700 9661 13641 9648 
1 7 665 6672 13704 3683 701 6703 9660 
1 5 11539 581 3550 3581 6586 
3 11 6780 3782 776 3780 969 11568 3776 603 3604 11584 13602 
1 2 9598 603 
1 4 13602 11584 6656 656 
1 4 13602 11584 9582 3776 
1 5 9904 9794 3885 9879 9907 
1 11 9904 9794 6926 925 967 11861 9924 782 6606 9752 6790 
1 14 11601 3641 9600 9584 3780 607 6635 11570 3782 6780 9745 6609 11573 13694 
1 5 13694 9603 778 611 6780 
1 2 9587 6635 
1 2 14487 9600 
2 4 13602 11584 628 13468 
2 6 13602 11584 628 13467 13469 13270 
2 16 6780 770 9909 13259 11891 3772 6788 14485 6973 6946 13693 11833 6875 6862 11751 9904 
2 12 6780 11730 9741 11726 3773 6790 3976 6973 1616 9907 910 13693 
2 4 3780 773 3776 603 
2 2 6790 3776 
2 9 658 661 11623 663 9638 6683 9622 6666 13694 
1 8 658 661 11601 11604 9620 11590 3612 9587 
2 5 6683 9620 11590 6666 13694 
1 5 9990 12066 12098 10027 9856 
1 5 11773 11874 11824 9772 13691 
1 2 9863 11824 
1 3 6939 11803 819 
1 10 9904 11882 923 9826 819 955 3958 6972 9856 11837 
1 12 6979 11998 11837 9784 6843 883 6939 3966 6831 9838 925 967 
1 3 9851 11804 3838 
2 14 9665 3703 532 3541 3299 571 11544 11529 6555 9517 3530 3558 563 11531 
1 9 663 3679 3692 6712 6542 3530 3558 11560 3423 
1 9 692 11653 9515 3541 3571 586 11404 9497 6524 
2 3 3488 9522 587 
1 10 6521 375 3367 268 293 321 9388 3340 349 6282 
2 4 13742 11305 11276 321 
2 5 11544 9416 6421 482 6524 
2 11 11544 9416 3474 9497 9441 3535 13739 6582 13738 6487 3522 
2 18 495 3398 9443 11431 3355 13732 3395 6377 526 13733 9375 3522 9456 3499 6521 11444 3207 6282 
2 8 13717 6488 3524 11533 6549 9524 3500 6524 
2 14 495 6622 11346 11233 13726 11360 13725 336 13728 13729 309 247 11388 11233 
2 6 6377 526 11402 13738 6487 3522 
3 3 13729 3326 13730 
3 16 11531 11547 3423 11560 13717 6488 3397 11445 9524 3500 6524 538 6501 3535 11481 514 
3 4 6521 3499 6441 514 
3 12 514 6441 3499 9456 11359 9238 9294 9320 9347 6257 11331 13742 
3 7 13717 6488 3524 9547 13720 9482 6469 
3 16 3423 11494 3547 587 6570 13720 13721 3398 495 6535 9509 405 3395 3271 3326 13729 
3 5 6377 3395 3271 3326 13730 
3 6 11544 9572 11417 6594 6488 13717 
3 11 9347 6325 6263 6377 11493 3355 564 13723 9524 3500 6524 
2 8 11467 9457 6512 9570 552 6595 9535 514 
1 6 514 9535 13741 478 9428 6521 
1 7 6521 11505 9496 3473 11478 3532 6558 
1 11 9570 3283 3510 13250 13751 9470 444 3473 537 6390 6282 
1 11 6282 6390 6236 6309 9277 9306 11372 11316 13744 9263 362 
1 5 4014 4159 1156 3857 10074 
1 5 4112 6992 3927 11796 3856 
1 15 4111 4550 1056 7140 12473 3889 806 11746 11810 10056 9763 6807 7143 6894 940 
1 7 3856 3983 3951 6808 3907 11784 11747 
1 10 940 11860 3876 9878 3983 3951 3786 3851 11811 11829 
1 7 4115 4017 10089 7151 7170 1074 4111 
1 5 1086 7107 1065 1074 4111 
1 3 7011 12004 13597 
1 8 7011 12004 4143 7188 7030 10028 1151 12071 
2 4 7011 3996 7164 4076 
1 6 11967 10061 11910 1071 4145 4076 
3 4 9517 6568 589 13717 
3 5 3552 542 6536 9510 11465 
3 9 11465 9510 9495 503 13713 9478 9492 6533 512 
3 8 651 669 3671 9492 9478 13713 503 11465 
3 9 512 9507 14387 9523 11506 9534 6569 11563 9434 
2 5 9495 11508 9525 6572 3552 
2 7 11465 11616 9631 11613 3659 11596 3671 
2 7 3671 11596 3659 11613 9867 11616 11465 
2 14 9495 527 9550 6449 3579 11535 6599 9578 9434 485 11420 3476 9500 11548 
2 7 11535 11521 3523 3509 11463 9492 3671 
2 2 11420 454 
2 13 11483 6504 454 9561 14390 11506 9523 14387 6547 3534 553 11521 11535 
2 7 651 9629 3655 11611 6688 3493 512 
2 4 3671 11631 3493 512 
2 24 11548 575 11483 11606 3447 9472 13011 3546 5291 11502 3629 549 9503 6529 678 6683 698 6698 9642 817 3650 641 9590 6613 
2 6 11732 9490 3669 3681 11628 9625 
2 18 512 6518 9644 667 9625 648 3652 680 6531 3533 11732 551 6949 11491 9725 14388 9523 11506 
2 24 9909 3928 911 11834 11849 11877 9898 6960 3946 9853 9824 854 9764 9797 6836 13225 11793 9813 3816 3954 3909 13223 6966 6812 
1 4 6609 6784 3589 6613 
3 13 11834 11849 11877 9728 11716 6786 6613 11593 3594 9607 6644 6651 651 
2 6 9625 11593 6613 9590 6639 13694 
1 6 6766 3915 12169 11699 3740 9710 
2 11 3946 6917 943 6766 11702 6775 11720 11565 9597 6657 9631 
2 11 9898 760 11709 3754 6773 6618 620 625 629 655 9631 
2 8 6766 11702 755 9734 9751 620 3626 651 
2 37 6613 11593 3770 9748 769 6789 3754 6773 11718 9734 6792 11565 9737 6777 9710 743 6756 3735 11852 885 9870 11809 9827 3820 3794 3938 896 11820 9917 11780 6866 13230 9877 3926 11885 924 11805 
2 5 6766 3948 3751 752 3754 
2 7 3754 6789 9593 6648 3621 3626 651 
1 9 7011 12004 4143 7188 10031 14180 1068 14176 13274 
1 11 6906 9896 871 9812 7213 948 813 3816 6878 9857 3933 
1 9 799 3798 6924 9817 6921 9686 9689 6955 758 
1 9 3918 726 3729 11707 6749 9703 738 13220 740 
1 15 740 13220 11854 903 6936 9827 9846 3874 6867 13221 9770 3969 11885 924 11805 
1 9 11805 3861 799 3798 9787 6818 938 9770 13221 
1 5 6986 9869 6933 9765 6880 
1 4 11805 11768 9869 6933 
1 8 7183 4080 9815 11749 6954 931 9925 6902 
1 5 6896 950 10111 1090 1176 
1 12 4135 7153 9979 10009 7068 1176 4095 7196 7111 4195 11807 832 
2 12 799 3798 6996 6818 938 9770 13221 794 3845 939 3794 3938 
2 3 3933 6756 740 
2 10 758 6955 11692 11677 11840 3725 3727 3918 4024 6936 
2 5 4098 1093 11884 9903 832 
2 15 3938 858 9881 6800 9778 6896 6832 6948 3930 9925 6902 3926 11885 924 11805 
2 6 1048 10094 13231 4182 6744 875 
2 11 7183 7098 9891 875 3871 950 12081 9828 3953 11812 832 
3 26 9764 6812 6966 3873 6817 9896 6906 6856 11884 9903 832 11812 3953 11863 13224 3938 9767 6993 9785 9933 813 3816 6878 6903 3902 11852 
1 4 11293 3342 303 3396 
2 12 7394 9284 11267 9310 3342 11293 3359 3242 3379 3329 276 385 
1 7 159 11306 9075 9161 11207 11136 3150 
2 9 3150 159 3273 6320 11218 11332 6399 6335 6384 
2 4 3273 9383 6300 3150 
2 4 11332 11218 9314 9392 
2 9 3273 9383 9392 11378 11299 351 11270 9332 9379 
1 5 11483 3576 516 13068 11519 
1 5 516 6598 3262 9498 391 
1 9 11456 6241 391 68 3211 9498 11456 3444 587 
2 14 516 3516 13081 9444 11407 9418 6583 11435 3488 6537 11519 9574 6496 3262 
2 10 11233 9281 9403 9363 6241 6286 6336 9335 11318 11360 
3 3 11361 407 377 
1 15 3501 13070 11333 6103 14391 9239 6221 6270 9297 11345 6318 9379 9315 11345 9297 
1 10 6384 6318 9379 9315 6237 364 9268 11221 14391 6103 
2 6 377 6378 3369 9484 3463 540 
2 13 9458 507 14392 11333 6103 11253 271 221 11374 6103 11333 13070 11446 
2 9 540 3463 3422 6351 6489 507 14392 11333 6103 
2 7 11332 9285 9397 6268 9379 9269 11297 
2 7 364 11279 9297 7239 3301 9364 6363 
2 8 6363 9364 3205 11345 9315 11382 9269 11297 
1 8 13591 14612 14611 13566 13576 14614 13577 13596 
