1 159 
1 279 
1 336 
1 351 
1 364 
1 385 
1 454 
1 469 
1 495 
1 512 
1 514 
1 516 
1 540 
1 587 
1 603 
1 620 
1 646 
1 651 
1 656 
1 658 
1 663 
1 665 
1 679 
1 688 
1 692 
1 799 
1 818 
1 819 
1 832 
1 875 
1 938 
1 940 
1 949 
1 1086 
1 1176 
1 3150 
1 3205 
1 3211 
1 3273 
1 3369 
1 3396 
1 3423 
1 3473 
1 3488 
1 3501 
1 3522 
1 3535 
1 3541 
1 3569 
1 3617 
1 3639 
1 3652 
1 3663 
1 3671 
1 3673 
1 3680 
1 3689 
1 3692 
1 3700 
1 3754 
1 3776 
1 3780 
1 3816 
1 3856 
1 3882 
1 3918 
1 3924 
1 3927 
1 3933 
1 3938 
1 3946 
1 3973 
1 4014 
1 4098 
1 4109 
1 4111 
1 4115 
1 6103 
1 6221 
1 6318 
1 6336 
1 6363 
1 6377 
1 6418 
1 6449 
1 6469 
1 6470 
1 6496 
1 6521 
1 6522 
1 6524 
1 6547 
1 6558 
1 6561 
1 6572 
1 6583 
1 6586 
1 6606 
1 6609 
1 6613 
1 6619 
1 6647 
1 6652 
1 6680 
1 6683 
1 6697 
1 6706 
1 6747 
1 6761 
1 6766 
1 6780 
1 6788 
1 6790 
1 6812 
1 6842 
1 6896 
1 6902 
1 6923 
1 6933 
1 6934 
1 6936 
1 6939 
1 6953 
1 6979 
1 6986 
1 7011 
1 7111 
1 7183 
1 7394 
1 9075 
1 9297 
1 9315 
1 9379 
1 9392 
1 9495 
1 9498 
1 9503 
1 9517 
1 9567 
1 9570 
1 9587 
1 9598 
1 9600 
1 9617 
1 9620 
1 9625 
1 9627 
1 9631 
1 9642 
1 9648 
1 9660 
1 9665 
1 9683 
1 9687 
1 9710 
1 9734 
1 9784 
1 9815 
1 9827 
1 9833 
1 9851 
1 9853 
1 9863 
1 9904 
1 9907 
1 9990 
1 11233 
1 11253 
1 11293 
1 11332 
1 11360 
1 11361 
1 11372 
1 11420 
1 11446 
1 11467 
1 11483 
1 11502 
1 11506 
1 11516 
1 11519 
1 11520 
1 11522 
1 11531 
1 11533 
1 11535 
1 11539 
1 11542 
1 11544 
1 11556 
1 11581 
1 11601 
1 11610 
1 11611 
1 11618 
1 11639 
1 11666 
1 11691 
1 11692 
1 11699 
1 11732 
1 11746 
1 11747 
1 11780 
1 11805 
1 11829 
1 11852 
1 11874 
1 11887 
1 11967 
1 12071 
1 13011 
1 13081 
1 13221 
1 13259 
1 13274 
1 13468 
1 13566 
1 13591 
1 13596 
1 13602 
1 13694 
1 13695 
1 13699 
1 13700 
1 13702 
1 13717 
1 13729 
1 13741 
1 13750 
1 14180 
1 14457 
1 14473 
1 14478 
1 14487 
